
delete from JugadorProfesional;
insert into JugadorProfesional(eid, nombre, apellido, dni, fechaNacimiento, salarioAnual, telefono, posicion) values
	(1, 'Donato', 'Martin', '21080919Q', '15-05-2003', 1000000, '666666666', "delantero"),
    (2, 'Angel', 'Fernandez', '11111111A', '15-05-2003', 1000000, '666666665', "delantero"),
    (3, 'Yago', 'Navajas', '11111111B', '15-05-2003', 1000000, '666666664', "delantero"),
    (4, 'Carmen', 'Espinosa', '11111111C', '15-05-2003', 1000000, '666666663', "delantero"),
    (5, 'Ana', 'Garcia', '11111111D', '15-05-2003', 1000000, '666666662', "delantero"),
    (6, 'David', 'Fernandez', '11111111E', '15-05-2003', 1000000, '666666661', "delantero"),
    (7, 'Jose', 'Torres', '11111111F', '15-05-2003', 1000000, '666666660', "delantero"),
    (8, 'Miguel', 'Sanchez', '11111111G', '15-05-2003', 1000000, '666666659', "delantero"),
    (9, 'Juan', 'Castro', '11111111H', '15-05-2003', 1000000, '666666658', "delantero"),
    (10, 'Pedro', 'Ortiz', '11111111I', '15-05-2003', 1000000, '666666657', "delantero"),
    (11, 'Sergio', 'Ramirez', '11111111J', '15-05-2003', 1000000, '666666656', "delantero"),
    (12, 'Rafael', 'Ruiz', '11111111K', '15-05-2003', 1000000, '666666655', "delantero"),
    (13, 'Alejandro', 'García', '11111111L', '15-05-2003', 1000000, '666666654', "delantero"),
    (14, 'Antonio', 'Rodríguez', '11111111M', '15-05-2003', 1000000, '666666653', "delantero"),
    (15, 'Carlos', 'González', '11111111N', '15-05-2003', 1000000, '666666652', "delantero"),
    (16, 'Diego', 'Fernández', '11111111O', '15-05-2003', 1000000, '666666651', "delantero"),
    (17, 'Enrique', 'López', '11111111P', '15-05-2003', 1000000, '666666650', "delantero"),
    (18, 'Ernesto', 'Martínez', '11111111Q', '15-05-2003', 1000000, '666666649', "delantero"),
    (19, 'Felipe', 'Sánchez', '11111111R', '15-05-2003', 1000000, '666666648', "delantero"),
    (20, 'Javier', 'Pérez', '11111111S', '15-05-2003', 1000000, '666666647', "delantero");
    
delete from EmpleadoNoDeportivo;
insert into EmpleadoNoDeportivo(eid, nombre, apellido, dni, fechaNacimiento, salarioAnual, telefono) values
	(1, 'Donato', 'Martin', '21080919Q', '2003-05-15', 1000000, '666666666'),
    (2, 'Angel', 'Fernandez', '11111111A', '2003-05-15', 1000000, '666666665'),
    (3, 'Yago', 'Navajas', '11111111B', '2003-05-15', 1000000, '666666664'),
    (4, 'Carmen', 'Espinosa', '11111111C', '2003-05-15', 1000000, '666666663'),
    (5, 'Ana', 'Garcia', '11111111D', '2003-05-15', 1000000, '666666662'),
    (6, 'David', 'Fernandez', '11111111E', '2003-05-15', 1000000, '666666661'),
    (7, 'Jose', 'Torres', '11111111F', '2003-05-15', 1000000, '666666660'),
    (8, 'Miguel', 'Sanchez', '11111111G', '2003-05-15', 1000000, '666666659'),
    (9, 'Juan', 'Castro', '11111111H', '2003-05-15', 1000000, '666666658'),
    (10, 'Pedro', 'Ortiz', '11111111I', '2003-05-15', 1000000, '666666657'),
    (11, 'Sergio', 'Ramirez', '11111111J', '2003-05-15', 1000000, '666666656'),
    (12, 'Rafael', 'Ruiz', '11111111K', '2003-05-15', 1000000, '666666655'),
    (13, 'Alejandro', 'García', '11111111L', '2003-05-15', 1000000, '666666654'),
    (14, 'Antonio', 'Rodríguez', '11111111M', '2003-05-15', 1000000, '666666653'),
    (15, 'Carlos', 'González', '11111111N', '2003-05-15', 1000000, '666666652'),
    (16, 'Diego', 'Fernández', '11111111O', '2003-05-15', 1000000, '666666651'),
    (17, 'Enrique', 'López', '11111111P', '2003-05-15', 1000000, '666666650'),
    (18, 'Ernesto', 'Martínez', '11111111Q', '2003-05-15', 1000000, '666666649'),
    (19, 'Felipe', 'Sánchez', '11111111R', '2003-05-15', 1000000, '666666648'),
    (20, 'Javier', 'Pérez', '11111111S', '2003-05-15', 1000000, '666666647');